6.017674690367644241e-02 -5.940125770509087078e-01
-1.889122672741981868e-01 5.720760649383452856e-01
-1.093351081203874225e-01 -1.035016606466095279e+00
1.785304848060887961e-01 -1.025721407840772814e+00
-2.086523183879048782e-01 -8.583364899568093342e-01
7.470287516002931116e-02 3.583417206015582779e-01
1.481240617613897581e-01 -1.026979166375794783e+00
-5.910246281604959739e-02 -6.304176591599813806e-02
-1.305926654870754600e-01 -9.208593483960204606e-01
2.307775501219690717e-01 2.549781686208932863e-01
-1.462037884187765702e-01 -1.023382976013928136e+00
-1.719595568765149574e-01 -7.019707343028147584e-01
5.295989628949253000e-03 -8.621305802917079708e-01
1.585171473181002100e-01 2.831205870592331530e-01
1.351050133895482508e-01 -1.047024379984859088e+00
1.391947823098315384e-01 -9.992733142835622528e-01
-3.512507750482943836e-01 1.484820538195541773e-01
1.825804539590439868e-01 -9.331845887643257509e-01
1.729689006302883303e-01 -9.833879708697530475e-01
-3.556719646226276232e-01 2.631979004976743863e-01
2.092874935694026550e-01 -9.174201231121119626e-01
1.023596234426085716e-01 -1.035184871120088834e+00
2.192910886956453420e-01 -8.829415515576249929e-01
-9.546271622540697388e-02 -8.861616417810214141e-01
-4.497941787784126566e-01 -1.032706736368509542e-01
2.075358585415589541e-01 -1.390946144253026040e-01
2.475245731107261760e-01 -8.699816412197584059e-01
2.295048861017462138e-01 -2.306829060425065192e-01
1.049322475937536081e-01 -1.016820607105028529e+00
3.892582493674737742e-01 -6.073048471956510319e-01
-2.000033467571690066e-02 -9.682706067358854973e-01
2.133804885305150001e-01 -5.869406110279707933e-01
4.616458437924423897e-01 -4.346675414782388835e-02
2.874799358215324729e-01 4.127617293144308364e-01
2.568164608328506460e-01 -8.237412703488186105e-01
-1.658571138578223969e-01 -9.985290017639840698e-01
3.732652274652418223e-01 -5.772098707539552453e-01
2.918257712528152803e-01 -8.005277272018592738e-01
2.666259590565105975e-01 4.727998989486790204e-01
-3.778960283690944166e-01 4.093850437842493917e-01
2.238666476615005230e-01 -8.401827599472155850e-01
-3.516149410376234741e-01 2.359957790581697079e-01
3.324729579350002018e-01 -7.607037389901186719e-01
-1.986833180282617656e-02 -6.062679942249332710e-01
-1.606295603141959238e-01 -1.037184910014308237e+00
-3.743940167465423796e-01 5.117579965051286539e-01
2.953083035918640520e-01 -7.597986870599666709e-01
-4.131306196712107859e-01 -1.477747584290429739e-01
-2.708867578060793480e-01 -4.548530305351665415e-02
2.893129339574084802e-01 -7.259695702230981595e-01
8.908376209520188493e-02 -9.455320719480472258e-01
-1.410904180566433519e-01 -5.576746437182675820e-01
3.316084969146619321e-01 -7.258554974751275646e-01
2.533015882464592083e-01 -9.965099541846214604e-02
-1.454174549501400793e-01 2.540523908759118599e-01
-3.263611732242303054e-01 6.300131123671358635e-01
-1.603781154747623222e-03 -8.119422214275737737e-01
3.399276167244009161e-01 -6.922141912946193631e-01
1.477922468670241907e-01 -1.103655181760121451e-01
-3.558756248394983612e-01 -1.349876092437608255e-01
1.339689995070609818e-01 -8.271431612358725038e-01
-2.874804269284785829e-01 -2.389533318881157942e-01
2.479693471053336928e-01 -7.648519383083830503e-01
-2.957533170260001620e-01 -1.594990301658964216e-01
3.086523912344751874e-01 -7.133018664609351855e-01
-7.851576082053852296e-03 -4.155774953398977956e-01
-1.957060555866608487e-01 -9.615165583320651743e-01
2.206732584207019010e-02 -9.511274206450691659e-01
1.309789516045123670e-01 -6.290886443287695418e-01
3.372240542317452849e-01 -6.461869463766781729e-01
1.715969212362318808e-01 1.464375014279084841e-01
-6.695607044677896053e-03 -7.586359860530269561e-01
4.012572484796382288e-01 -3.814617952302841175e-01
-2.647130085481463890e-01 -8.116983826971055915e-01
2.546979279855197120e-01 4.604927373448742395e-02
1.095787146659865374e-01 -9.217344355031984460e-01
-4.398828746560582564e-02 7.302000067585835419e-01
4.737565364126230527e-01 1.348611430605934636e-01
4.701377277471329580e-02 -7.580629011943681439e-01
9.086106080069920876e-02 -7.473063683841364435e-01
-3.485563112796141727e-01 -4.471799531927277971e-01
-1.839790490175257504e-02 -3.108043464665062316e-01
2.113542959761728623e-01 -1.195497082028007252e-01
1.406709433357067850e-02 -9.121465714085665866e-01
1.292265725930836495e-01 -8.483556097894459080e-01
1.060957704873883023e-01 -7.932155656083437201e-01
3.539137246641738677e-01 -6.080531035204931323e-01
1.457443269353614623e-01 -7.864953352653180074e-01
8.056186369526883995e-02 4.662157696144232366e-01
-2.588709339959858677e-02 -9.159174096773106122e-01
-3.398290789660224909e-01 -2.012812857945872058e-01
1.966273022551052185e-01 -7.671563450201315248e-01
9.884421383299293873e-02 8.999965369907249046e-01
1.839487442628822689e-01 -7.392437616837860270e-01
2.784445245583193063e-01 1.142500645282458899e-01
-1.050064827623414659e-01 3.701355282979286732e-01
3.669601927988253576e-01 -6.255032119612672359e-01
-1.738972659936827148e-01 -6.733584471322763276e-01
3.243679700926384024e-01 2.598831028055631487e-01
7.863744905655088713e-02 6.245512080947157596e-02
-3.184701180408480159e-01 -9.562874537618511195e-02
2.903470615475920447e-01 4.329611169685009808e-01
1.968503938475338888e-01 4.257488655302726910e-01
-1.073291070373812023e-01 -1.020382946094312349e+00
3.027139711314868475e-01 -6.643703643972347361e-01
-1.295785695000367943e-01 -1.007484399480239601e+00
2.648837845659621770e-01 -6.102761824985217798e-01
4.084968644903726465e-01 -4.547753680045362179e-01
1.382585548184021851e-01 -7.358743727077373675e-01
4.326133784239286073e-01 2.065976833807685320e-01
3.251422676561356757e-03 7.728032608935953007e-01
1.410537359005297475e-01 2.428441480632595462e-02
1.404776708066923507e-01 -6.847337353163861495e-01
-3.941652837143980875e-02 -8.652385906312867192e-01
-1.810007696593398663e-01 -1.002173848338958617e+00
-1.861489985204647091e-01 -9.499048339797843132e-01
3.758941078759646115e-01 -5.224476866354689220e-01
4.064625621583528026e-01 -5.149344976987160205e-01
-3.577992664272628964e-01 -2.697891814072657726e-02
-2.330367358168461134e-01 5.749162381469900135e-02
-2.080893793105830780e-01 -9.993902493484916327e-01
4.690677837680531370e-01 -1.209769067616731919e-01
2.765597507016669399e-01 -2.421578324740933652e-01
-1.310829013301188506e-01 -9.120779234241274125e-01
-3.223937029189980485e-01 -3.531525748255280317e-01
-4.469549167027317416e-01 2.887646666953770924e-01
4.852772228686357825e-01 7.731818044893724266e-04
-4.913426425360569172e-01 1.510065713122604181e-01
-3.746524221039584379e-01 -3.668545920347012768e-01
2.352190328486608584e-01 -6.396536961165397717e-01
2.700183311895632543e-01 -1.738217961705129933e-01
-1.417332517465706987e-01 -8.929800090270073598e-01
-3.320782674714147786e-01 1.538209265881897159e-02
-1.831380564777886641e-03 3.737025824676372676e-01
2.317149507007122966e-01 -6.187731244476456505e-01
-5.414820546377680822e-03 -6.897449553158011559e-01
-4.189034920450335209e-02 -8.092349257263508067e-01
-4.750747906271673981e-01 2.055238561483750392e-01
3.023704873790638778e-02 -3.043710980982561320e-01
-1.907604892320022283e-01 -2.569817749768046333e-01
1.623209583848204615e-02 1.262857380460447598e-01
-4.472717010311544339e-01 3.200724341981597831e-01
1.741603338399942691e-01 -6.290590285427026807e-01
-4.349510857802135755e-01 -3.880783357012393409e-01
8.015415310268439453e-02 -3.901348088972006467e-01
2.834148415361014139e-01 -5.799448263902980960e-01
4.076013812202369246e-01 -4.902601674111343732e-01
-2.202851946929845206e-01 -9.463394076790666576e-01
-2.384067019627889306e-01 -9.085285928281623402e-01
-4.183640929795527375e-01 -4.367804860934843547e-01
-1.097088051700821493e-01 -7.832231175069689355e-01
-4.201433012203881906e-02 -7.687199636723076601e-01
-3.195601549497451566e-01 6.525867433093029968e-01
-1.713053077172106697e-01 4.534090023098906186e-01
2.697388633396741731e-01 -5.318508941109207910e-01
2.554302052439189064e-01 4.004490555915678485e-01
-1.913599449366297153e-02 -7.160632621736068293e-01
1.967181651461240854e-01 -3.319133948425399133e-02
-1.177455025159945601e-04 -9.817131606000574495e-02
-2.236785416230326617e-01 1.359945887985569146e-01
-5.196771474276551395e-02 -4.303949703772160795e-01
-8.724410317407219062e-02 -3.847658774442559437e-01
-1.603170682562691796e-01 1.872945623107230839e-01
7.386517522414333403e-02 -6.767016658689456454e-01
7.850360233521344600e-02 -6.442422963783409617e-01
-2.508120894682314694e-01 3.843621331959561349e-01
3.894401520770055525e-01 2.642136375375578883e-01
3.616143538875593588e-01 -4.659832157908526673e-01
3.496676975230546269e-02 -8.312034043931707528e-01
-2.493745651724721957e-01 -8.585208307394811555e-01
4.732863456134061564e-01 -2.556112403774242203e-01
4.849218362210027111e-01 2.716575930522055829e-02
2.155843038315591320e-02 1.935964273435882566e-01
-2.840792620846857575e-01 -8.563367277401497946e-01
-1.110331635827165320e-01 9.633740776460737454e-01
-2.521979828613206132e-01 7.402762251226340240e-01
4.480996963995803051e-01 -4.396518074080987826e-01
-2.302322332363999358e-01 -9.114085256510429112e-01
-1.600849725299104687e-01 -5.857625363195766433e-01
1.700211886929630101e-01 -5.557815135383235017e-01
1.535790138375118796e-01 8.332411906483946362e-01
2.129403204282797890e-01 -5.459151067049672346e-01
4.453193939083047725e-01 -4.064778134878015425e-01
-3.728634359260199482e-01 1.334501303194841337e-01
-2.746025262041254522e-01 -9.070837155962457876e-01
4.788112118354796443e-01 -2.212132335878716771e-01
-1.622286804664368476e-01 -7.800317773231452145e-01
-1.177458412024480761e-01 -7.362116872118245059e-01
1.940192066460374731e-01 1.080018519657138382e-01
-1.661600759454677223e-01 8.628895169800554488e-01
2.142253367154300578e-02 -6.488840816414824797e-01
4.767017100726766987e-01 -2.930834664602494644e-01
4.094669001106331918e-01 -4.131487088457839740e-01
-1.938778358371684440e-01 -1.887952265998123491e-01
1.137423008056104856e-01 -5.941014001030648917e-01
2.608373301442991066e-01 -4.992956473198005285e-01
4.447357978889472374e-01 -3.721188528305912624e-01
-1.897832612703209340e-02 -6.529726909867117346e-01
-2.986276560407835068e-01 -8.165155333659140924e-01
8.181461433651147919e-02 8.172448355156692879e-01
2.512456536855266487e-01 -4.750252129606821749e-01
3.129008341236906854e-01 -4.653482232428646226e-01
4.726292011619854239e-01 -3.509658769046072324e-01
3.221108022796407289e-01 6.249035730662900745e-01
-9.834301829076283474e-02 7.529108111974720519e-01
-1.644027142695669852e-01 -7.328501746755593516e-01
2.864738850607506104e-01 -3.089222516187985490e-01
8.451962836649012933e-02 9.266387319886406626e-01
1.104738014457035816e-01 -5.641202918932609611e-01
1.455741556776525003e-01 -3.740928378400019683e-01
-1.814833012411426472e-02 -3.848260603053260120e-01
4.487323266787433540e-01 -3.369199215755044885e-01
-1.769426133691163194e-01 5.290853253285523472e-01
6.054853103721988955e-02 -5.769508774428755427e-01
-2.884173886110338522e-02 -4.869888457122171221e-01
3.781439098435855350e-01 1.843422861361740939e-01
-3.100303601238489914e-01 -2.197600737298111007e-02
4.396448906089874265e-01 -2.652095946695247619e-01
1.630988034969197420e-01 -5.104680110562057616e-01
2.953504773202660916e-01 -4.225633444973677100e-01
-4.824470700609571061e-01 3.533316679048392056e-02
3.486892084527166702e-01 -4.102071783160897711e-01
-2.164258277753671744e-01 -7.366445695621607337e-01
3.123315602245834155e-01 -8.811677996128822188e-02
1.860685571498172375e-01 -3.706636075977222666e-01
7.770648504603213172e-03 -6.025983536668594320e-01
-3.363424821883017612e-01 1.229013041905182430e-01
3.312037765291639957e-01 -2.083959845462390603e-01
-1.641323746226176425e-02 -5.770082983046926489e-02
1.165115815041019853e-01 -5.122807132424391785e-01
2.126204449744987790e-01 -4.745549795071239974e-01
-2.328978731468783758e-02 1.036372033117817448e+00
3.355013501862918468e-01 -3.850265067813666287e-01
3.494931734841105753e-01 -6.096313287985203333e-01
-1.194740482321145908e-01 6.449092280531067978e-01
4.071230290487657943e-01 -3.406188179032835217e-01
3.273486144891584182e-01 8.741176156814665921e-02
4.082321984606382959e-01 3.492118677599693743e-01
2.949334585839641920e-01 -3.918972832109740012e-01
4.639016670277117810e-02 -2.152483090526408072e-02
-2.635068853621244100e-01 5.146660327206585561e-02
4.496357185354409869e-01 -3.060900785167525728e-01
7.951963158347702398e-03 -5.759477823602344726e-01
2.280932371566753158e-01 1.591988613021866894e-01
1.564399303050436618e-01 -4.804202999741126190e-01
2.049456756474090924e-01 -4.358387557234600918e-01
-4.096058315304967334e-01 4.362063753788070208e-01
3.110909829627780399e-01 3.724070403929586881e-01
-2.292293393707729443e-01 5.669557887434768517e-01
2.528025202185983367e-01 -4.179541835835263730e-01
-1.096217910812074120e-01 -6.797345631406873090e-02
3.079125278016261666e-02 4.618395582545307132e-01
-4.470250410697097498e-01 -2.847536845605503908e-01
-2.438629887111550681e-02 6.588689263981974964e-01
-3.163789292317491508e-01 -7.677226244615322770e-01
-2.714561785250811377e-01 -7.639033882323293945e-01
1.049333268145875853e-02 -5.380933268554506377e-01
-3.604722572025234606e-02 -5.787177675640456931e-01
2.848693349339599945e-01 -3.555593786798915135e-01
-3.702644305160273652e-01 -1.735172438199211829e-03
-9.859567178214222183e-02 4.420316559412514335e-01
-3.089078164528942516e-02 -5.415222761061906365e-01
2.961669696953688757e-01 3.235024767512815203e-01
3.249331643949805448e-01 -3.076896694209850236e-01
-2.729779286228934398e-01 -3.780899971723090114e-01
-3.169048284503913071e-01 -2.801792499039070239e-01
6.273709685114467471e-02 -4.845479814105337346e-01
-1.855730414658913197e-01 -5.890542504725112538e-01
-1.582763904287475681e-02 -2.045750333092166418e-01
9.351295355437236334e-02 -4.606379887603166412e-01
1.560687014872009504e-01 4.268092855577503841e-01
4.742607723271620168e-01 -3.240366499641899600e-01
3.428316677412963642e-01 -3.317416450103505832e-01
2.907860582659163584e-01 5.521468251840491170e-01
-3.251145483818004278e-01 -7.206299805516938051e-01
-1.035028051554504752e-01 2.841758293208731523e-01
1.498922665102172258e-01 -4.440129253662905007e-01
-3.603023306584299257e-01 -5.141303009622097409e-02
1.268499427811001223e-02 2.308343277642440627e-01
-1.783086493679593432e-01 -4.719288465451880743e-01
-3.576411473958578946e-01 -3.793047229483262894e-01
2.413283204519164615e-01 -3.758198907022932689e-01
-2.920155992598408301e-01 5.974743854972093260e-01
3.782036410210578570e-01 -2.909126530880010719e-01
-1.770425504438976616e-01 2.849267331916833720e-02
5.706508271654581188e-02 -4.678275759627612551e-01
-9.058160510837849622e-02 -1.464708965634754223e-01
2.459456531513072586e-01 3.683830959147320616e-01
1.851423180704186433e-01 -3.991441929077518269e-01
3.436601538820464041e-01 -2.919296522842878550e-01
-1.794415002814856719e-01 -6.088943715833640136e-01
3.986957303890521429e-03 -4.943720714060195753e-01
1.460925027491979666e-01 -4.020300839457826569e-01
3.796550774843397424e-01 4.846912645397629116e-01
4.733800317348471065e-01 -1.877341789906099012e-01
4.347645885992719172e-01 1.404271270811843775e-01
6.580765290946473389e-02 6.881441216658354953e-01
4.523419674411545688e-01 6.390405598379521324e-02
4.369048200457253395e-01 -2.012442131796405576e-01
-3.141052305967910740e-01 -5.345220995967712996e-02
-3.124039697032837681e-01 -6.866638117439061162e-01
4.219117980260596035e-01 3.133066368109614364e-01
-2.361102914118735074e-01 -6.241997963948288097e-01
-3.784171719371670975e-03 -4.630673504227412751e-01
-8.698104908150376419e-04 8.795342138115115338e-01
-1.333972100350969414e-01 -3.206392900388342904e-01
3.475875327770736045e-01 4.859524566660651246e-01
2.329752071379512790e-01 -3.208981272785255690e-01
3.579945116395169546e-01 4.519966417728085717e-01
1.825736977167867203e-01 -3.235330878604478211e-01
-1.710138632238697443e-01 7.934163122520786482e-01
-3.587541819815323052e-01 -7.140260139299724473e-01
-3.433017675005544667e-01 -6.817316505880763877e-01
2.296583656148009078e-01 -2.905246702376470536e-01
-1.628539120240604932e-01 -3.962330137563738752e-01
3.289040535959270040e-01 5.518740795285477230e-01
1.393983116577172665e-01 -3.284295392241386446e-01
-2.076000761196054867e-01 3.974469651025744343e-01
-2.054142782301173753e-01 -7.132874745767507629e-02
-3.477065026968803041e-01 -6.569725755390590782e-01
-2.420074550232828026e-01 -1.934912569515706282e-01
-2.873322731162604171e-01 -5.932782199290878022e-01
3.282700599516109041e-01 -2.380102654229122872e-01
-2.943266436448294665e-01 -3.904338116261349967e-01
4.646337081629157151e-01 -1.523991729016724306e-01
3.120311455194838546e-01 -2.307497090571466666e-02
-1.063517635921446963e-01 -4.948888495127650722e-01
3.635005959519807539e-01 -2.008469221609522903e-01
4.586137829977848801e-01 -7.875781455943650991e-03
-3.688468511577888131e-01 -6.523623004984948626e-01
-1.982610398866284374e-01 -5.610414595967762041e-01
3.895780449502259102e-01 -1.059234046846839333e-01
-2.388899370079734796e-02 1.002041902933881179e+00
4.348804803761155413e-01 -1.538493463483502355e-01
-1.504240170044744695e-01 -5.049828315478047669e-01
-4.012573983288923452e-01 4.194279514163896244e-02
1.764776550306720870e-01 -2.932202392973609073e-01
3.729448863814893711e-01 -1.615118828155014674e-01
-2.777727032783541827e-01 1.681751613694852654e-01
-3.545921739848676424e-01 -6.085462480351520043e-01
2.416022356457245002e-01 -3.949140628612631820e-01
-2.334195236446598987e-01 -5.623853706209053227e-01
-4.595184665395529167e-01 -3.902849108371324038e-01
-2.466528923702078213e-01 -5.284606995144639496e-01
-2.710922520778559774e-01 -5.623404795208778451e-01
-7.690457235818826121e-02 5.510727611226305944e-01
8.743367348567343544e-02 -3.221520059326309915e-01
-7.461475647281830097e-03 -2.221536974909791781e-02
4.360020840155049426e-01 -1.255369786222578499e-01
8.208925867242229668e-02 1.397818581660401627e-01
-3.524701937807837859e-02 4.763572612621943536e-01
-2.020986985866050079e-01 -5.127512111718907084e-01
3.678577700994851152e-01 5.155530447524967474e-01
-1.029191703074627678e-01 -4.314532165577962819e-01
-1.671569352645255885e-02 -3.549869385953250411e-01
1.198709954028360537e-02 -2.325117686923613425e-01
2.221994611398103170e-01 5.462662296849721821e-01
1.338056900337853961e-01 -2.965511550380864336e-01
-3.256906297274767548e-01 -3.793870573320320405e-01
1.704397008385886425e-01 -2.600651564110497138e-01
-3.827230882248492949e-01 -6.044626244979337537e-01
-2.704264916560825127e-01 -1.991067627687777009e-01
2.901035043215273793e-02 -3.397936628649949609e-01
2.274192299192636935e-01 -5.132317997100019902e-01
1.281355232455734794e-01 -2.744745677055316913e-01
2.346614977888480669e-01 6.993350361256577274e-01
1.293277463595827736e-01 5.695839980775232458e-01
3.060111259830517461e-01 -1.631480950377623418e-01
1.783955288268384010e-01 4.730828838185192065e-01
4.629678564358759574e-01 -8.068597046957376451e-02
3.681646171091966235e-01 -1.241215288396537164e-01
-4.786682316484862088e-01 -2.154673191601552684e-01
-1.527653473840577814e-01 -4.382390196977942187e-01
8.545596882300839081e-02 -3.000306587852695217e-01
8.125733965680717596e-02 -2.810255247711027637e-01
-1.460669276587438781e-01 -1.134038491257381154e-01
-2.459483922807704781e-01 7.783619564662266344e-01
2.277926909731996519e-01 -2.100325232368426276e-01
-9.013059853570330737e-02 2.214986903310323940e-01
-3.119453861675335338e-01 -5.339759333501148397e-01
-1.701638836892452045e-01 -3.411781875537333586e-01
-2.705158245111170118e-02 1.935913373173172025e-01
-2.088945442626657933e-01 -4.518775696247309126e-01
2.138689859552798389e-01 -1.793518580280821784e-01
-1.171223401800662763e-02 1.213197529494945553e-01
3.204696224076998279e-01 -1.272237163725798981e-01
1.477984954944681351e-01 6.244100539156667573e-02
3.525300638025404276e-01 -9.635639732601621044e-02
4.334278692710590852e-01 -5.983833852282698790e-02
4.925371444143188393e-01 -3.766075581096967051e-02
-3.897126182049451826e-01 -5.729902181160497765e-01
-2.775790973255673477e-01 9.470364543347441211e-02
-2.650127534384724148e-01 -4.859143469941778481e-01
-7.825239290463691100e-02 4.665826845554765234e-01
-1.249772288334686926e-01 -3.923993747405792876e-01
2.053448565435894713e-01 7.942991934394648679e-01
-6.865450057840459530e-02 -3.570149714132963004e-01
-3.036603734350385997e-01 -4.906243957795352051e-01
-1.210272244577159095e-01 -3.622097576378075501e-01
-4.017360201825952992e-01 -5.469415658616956222e-01
-3.674926131564319465e-01 -5.337646206956284667e-01
-1.782263313852227027e-01 -2.250632799121487504e-01
-2.594409614295128397e-01 -4.551446371309353922e-01
-2.621068482087674512e-01 -6.863267452175260130e-01
1.268931619432393521e-01 -2.231623592098818387e-01
-2.020762207984606595e-01 -1.500161751884460382e-01
1.571448361862730625e-01 -1.874524827623840761e-01
1.524748343300221659e-02 -2.746611268004817696e-01
4.508013366208747374e-01 9.708310336275197128e-02
-1.318185066588450916e-01 -7.007526657612940246e-01
-2.839775124474294699e-02 -2.862488957670600298e-01
-3.018422873685038810e-01 3.016310919368043186e-01
-1.519890695534890646e-01 3.555416207508876880e-01
1.149930996395863297e-01 -1.956126216819391861e-01
-2.206056671534937508e-01 -3.988685162376771620e-01
4.787264731908667803e-02 3.803067702760067337e-01
-1.640785992466342602e-01 -3.680633019433757758e-01
4.583110785278663446e-01 2.419493952969945655e-02
-4.079600800852312137e-01 -5.023591645876142042e-01
-1.587721032044745739e-01 -6.824883671784040540e-02
-2.066938756032891955e-01 8.185316537999748343e-01
-4.309048487943977768e-01 -5.368428990635709663e-01
-3.221617354035805070e-02 7.006728465741126621e-01
-3.591969635991626997e-01 -4.802065294551753349e-01
3.198468176746729896e-01 -6.293973473273273278e-02
-2.681829898318151620e-02 -2.407042552571926619e-01
-1.169912231560454319e-01 5.428953314164904898e-01
-4.419262845278740803e-01 -5.003833626620214359e-01
1.043584432310442484e-01 3.528258694511576810e-01
-1.703074057342311431e-01 5.031485357630417488e-01
2.536512738366409891e-01 4.287766683960468339e-01
2.317638633967978590e-01 -3.193552349633957399e-02
1.088255403555292711e-01 -1.550988668698795592e-01
3.204452448128946584e-01 5.906997585292002029e-01
-2.062540159825693165e-01 -3.550790739633885029e-01
6.054011040171057567e-02 -1.704597663820044962e-01
-3.194965426685663634e-01 -4.038539543886606742e-01
3.214409865608692241e-01 1.505030414707302089e-02
3.371460642695737753e-01 -2.388773114943919251e-03
-4.186553640280179511e-01 -4.691238392024125736e-01
4.295682907958366936e-01 2.400982710850347590e-01
3.060245904753631230e-01 6.481094818970430937e-01
1.639643445389155421e-02 -1.962675745772205771e-01
3.923725070608004573e-01 5.561630073436092669e-02
-4.795988041092980048e-01 -1.810340166047115507e-01
-3.768247108697327097e-02 2.886646200635001325e-01
-8.835301099977528605e-02 -2.345515220240727283e-01
2.461051729377640718e-01 7.827928157706953716e-02
-2.830523196978701472e-01 -3.619183146753217062e-01
1.159522612040715835e-02 -1.615408235127139824e-01
-2.241347290254183111e-01 -2.580942161162653736e-01
2.858506286902964821e-01 8.161434631945531371e-02
3.329922841897104968e-01 1.219185941784701049e-01
3.408634434807397140e-01 4.881117419568496013e-02
-4.541341773897605294e-01 -4.714843590125881723e-01
2.474908403225959536e-02 1.027795649515443444e+00
-1.210740389749458273e-01 7.820774950571725281e-02
-3.408523399743416255e-02 -1.723440582185036818e-01
1.560319471587687246e-01 -7.166857579123050992e-02
-4.785891765425636102e-01 -2.850351698576090720e-01
-4.547378725202344540e-01 -4.403791028307822430e-01
2.968685453461713530e-01 6.252842793027890700e-01
2.947811327468518594e-01 4.392074521061404418e-02
-4.591020535174599737e-01 -2.148913697432307535e-01
-2.765405440647769608e-01 -1.191852425450435210e-01
1.125985753743776047e-01 -7.019364537731781484e-02
-2.358949031227449422e-01 -2.967342651780623397e-01
6.487623992523322558e-02 -9.378013560050954545e-02
1.566156987598020522e-01 -4.585336018998434349e-02
4.472958905915868644e-01 1.689428993123428813e-01
-4.833809034643592462e-01 1.279316633901454170e-01
-2.823776735517542491e-01 -2.957375381468002051e-01
-1.806205060451716513e-02 1.420292508218429749e-02
-3.353189257218631703e-01 -3.251756342118169441e-01
-9.009477382354987018e-02 -1.688754268910404033e-01
-2.517636867025637160e-01 -1.133446539433727168e-01
1.918632678384141477e-01 -6.381359627922907757e-03
4.687627633565336627e-01 1.777548322228254540e-01
-3.150347018952603939e-01 3.403422166156958029e-01
1.131391706360835164e-01 -4.279478543428245213e-02
1.893440172730121995e-01 7.845554183265382453e-02
9.284487865389019767e-02 2.534130241408900086e-01
1.438498316760639939e-01 -6.802714000282139399e-03
-2.890972096453591211e-01 -2.779652650341647435e-01
-3.314034907925514362e-01 5.194926185827082321e-01
-3.568087383957251890e-01 -3.161331168931853508e-01
-2.420168353410381834e-01 -2.221291950624645350e-01
-3.675001623524476457e-02 -1.036323227337767050e-01
9.773478851607814155e-02 -2.240397894365808718e-02
1.170306975340241473e-01 1.834773066174795464e-01
3.770128543447007763e-01 1.458527523327740050e-01
-7.131131308592671136e-02 1.012810080052112482e+00
-4.411185990937152024e-01 -3.579371058991172028e-01
-1.616104451271848930e-01 -1.770133070260047625e-01
4.592260837439512411e-01 2.046167743132610572e-01
-2.044352229485260630e-02 1.604350718195209913e-01
3.982056042152206654e-01 1.659883688497939547e-01
-4.996628608584725573e-01 -8.848063781225296021e-02
-4.673373868590074975e-01 -3.614070551641803686e-01
-4.410779418746923475e-01 -3.271224435327146907e-01
-1.394464358201623899e-01 -1.436738531725509083e-01
-2.473087917644142819e-01 6.759363802455609083e-01
-4.672147642871224416e-01 -3.278861495533755277e-01
2.432636273217204936e-01 1.091326293887207449e-01
-1.176020179575331670e-01 9.010765947741244952e-01
-3.310120185230616685e-01 -2.374212801952154950e-01
-1.037628598437427691e-01 -9.677152697188343144e-02
3.277152179481082062e-01 1.939094177577475042e-01
2.186219920728314503e-01 2.280662784512167418e-01
-2.487915414399252401e-01 -1.420322964806577659e-01
-5.233768832669100091e-02 -3.331526563416960934e-02
1.546060309618619566e-01 7.138736680045637550e-01
4.550636958150487965e-01 2.518940452757254533e-01
-3.010707267509122459e-02 2.349369316398299823e-01
3.017456891316235013e-02 1.000589560963968561e+00
2.649371682213970125e-01 1.588330756041438641e-01
4.506164359840902911e-01 2.813122581149371526e-01
-3.986961926771172560e-01 -2.467220669997895466e-01
-4.767852129287596386e-01 -2.600761073143803559e-01
2.818904769971077307e-01 1.840739477542375768e-01
3.994107057072605882e-02 8.098381352916916853e-01
-4.470729642617886079e-01 -2.549295052444902066e-01
1.232821017139939801e-01 1.388545730824153890e-01
1.376158466051282669e-01 8.599463543407783739e-01
2.134554780781377711e-02 2.056559438198121703e-02
4.189415855602441341e-01 2.808234946503083695e-01
3.971743645725461791e-02 5.201788574452001490e-02
-1.122193745456952080e-01 -3.956166665376267821e-02
-3.402251104820572247e-01 -1.775207430183037283e-01
8.159100919621346815e-02 5.394198980553396305e-01
-9.053377012320396044e-03 4.717663883180294587e-02
-4.469625285385185887e-01 1.137495268770813001e-01
3.180785298035094244e-01 2.269667587237663708e-01
2.620532847683036959e-01 2.221355056946117679e-01
1.801525356255942456e-01 3.217392292573589829e-01
-1.500636710223114401e-01 -3.833110534023043137e-02
-1.341605867025338350e-01 -2.833783396926674563e-03
-2.259188304406126169e-02 6.301186100975376680e-01
-3.395403016377691596e-01 -9.765132613959950914e-02
-3.963754002345770688e-01 -1.679740976781074757e-01
-3.068455328688239891e-01 -1.255295973827563749e-01
5.163911057523778991e-02 1.036811272661191774e+00
1.789039016248124281e-01 1.811732798699214331e-01
1.679143449003727973e-01 2.125350577677657116e-01
2.083585228795632738e-01 -9.635322067969057658e-01
-4.995469542695321619e-01 -4.387523236203264010e-02
-1.637871073089865459e-01 1.139856569617330806e-03
1.533896220977675091e-02 9.309413159712209840e-02
-1.991813434336605071e-01 -4.340269558554081530e-02
-3.623952804587347587e-01 5.670226567773990478e-01
-2.457097147126467013e-02 8.810349482720387926e-02
1.764360654103556691e-01 -9.572028385708474252e-01
-1.278938673197330123e-01 8.653397156901500020e-01
3.805811353686251453e-01 3.447042286837426750e-01
-2.225673647419130208e-01 2.712339181353362258e-02
-4.519810109189176806e-01 -1.816945550420382971e-01
-2.053625512048798119e-01 -1.151465798443802131e-03
2.677854426231756069e-01 2.695376504672640783e-01
3.054584764176038192e-01 3.014630796556642123e-01
2.306256235241178065e-01 -6.932086093848618402e-01
-4.620490470438322061e-01 -1.418411932523543639e-01
8.254433031548548405e-02 -4.859720822684348018e-01
1.317438582084670129e-01 5.358971182577391135e-01
2.682454030313509152e-01 2.871090543270989892e-01
1.851022484865604001e-02 1.596620574746094590e-01
2.083035885290438760e-01 2.948033613176898604e-01
-1.627332601999644246e-01 3.328315671037974655e-01
-2.689432132594161140e-01 -2.827121951717496626e-02
6.252515389420500169e-02 1.029399344982693476e+00
1.780677209334442235e-01 5.436857025445798186e-01
-1.652700740193957241e-01 6.629775038604521220e-02
-1.893597371200243240e-01 1.996728797994331839e-01
6.941572345202047523e-02 1.918437485464748182e-01
-9.125824069675321504e-02 6.080106656102682861e-01
4.005524745908775053e-01 3.835861946324760630e-01
1.126965794749751164e-02 6.292934432301530157e-01
-2.163767914092839528e-01 4.728899652363834916e-01
-4.942464907663223772e-01 -1.483603809235936599e-01
3.676233842435053245e-01 3.837824767045447394e-01
3.933627533520936970e-01 4.175162182674352351e-01
1.425730080732494354e-01 2.494849715191801987e-01
2.631921054550844241e-01 3.285167558263522025e-01
-4.413242089004955626e-01 1.075150963008129623e-01
1.085360022906668720e-01 4.160278279645955313e-01
8.531190249075845666e-02 9.608099750526651883e-01
3.614395402974999727e-01 4.152311726430507610e-01
-1.270784681240737790e-01 1.502479628914408505e-01
-4.734505109968724645e-01 -6.942347553967311014e-02
-4.029546641841202370e-01 -4.364053947090251045e-02
1.015498268931263603e-01 2.803377232212103665e-01
2.105566682405962398e-01 3.342388909972907052e-01
3.915256893744073485e-01 4.507709688325823860e-01
-1.879546195711466472e-01 1.007743324361528026e-01
-4.172266055770249005e-01 -3.170171679395508701e-02
-9.134470920119161508e-02 1.628549321832122587e-01
6.248972362303683442e-02 2.749654921762064719e-01
-1.190192666919983183e-01 5.022567900750439795e-01
-3.802776903069932102e-01 1.891223948882631845e-01
-4.150426503748730345e-01 -8.532290420979124490e-03
-9.814973458780903992e-02 2.590608547350252699e-01
-2.267101621615260909e-01 9.929463559713583298e-02
1.404817421597406683e-02 5.612883855236812103e-01
-3.292398413687154246e-01 4.683605902190515757e-02
-1.824930601879322933e-01 1.358624130378034978e-01
2.842909253867788588e-01 5.870453026750720449e-01
4.390252433879782840e-02 3.073684806432069316e-01
1.118479316009115404e-01 9.537232959891263073e-01
9.457521325997474138e-02 3.184512376488011776e-01
-4.785849134663663351e-01 2.316033829968361293e-03
1.001115078825477733e-02 2.740842558202152834e-01
-4.781502322585175491e-01 -4.313508992213339194e-02
-1.366578890312259154e-01 2.085494785418820496e-01
-1.091596571319601860e-01 -8.361076992802810581e-01
4.821272889823683631e-04 3.097149760231772686e-01
1.445970948930707378e-01 3.739960721755877238e-01
1.384549210026996546e-01 3.902873915403295979e-01
6.835403411866648737e-02 9.976819084094403767e-01
3.363609801629106610e-01 5.227843466987972532e-01
-5.000000000000000000e-01 -2.231767928327896625e-02
-2.363258935335631750e-01 1.643311453580963422e-01
-3.294835088082920943e-02 3.350338783587489266e-01
2.967814194621388735e-01 5.143652232495536936e-01
-3.754040521265993857e-01 8.949040117797392446e-02
-3.353595735889083329e-01 -5.720872308602108491e-01
-1.553808793905821772e-01 3.985103714114170415e-01
-2.849026950345391329e-01 1.318250421981306542e-01
8.819545665084931041e-02 3.849459644441718398e-01
-4.348931362097297471e-01 7.793972317909884928e-02
-3.415991091165673232e-01 4.861564117849900835e-01
2.355805571447794622e-01 5.254052116122578386e-01
-4.455740314866946106e-01 3.829963543963273848e-02
2.985852921034241048e-01 -4.917062447306818074e-01
-3.317771195561102643e-02 5.566949073607562193e-01
-3.476040822287727039e-01 1.055576971819703336e-01
-2.308670130489016148e-01 1.986014407899269751e-01
-4.742192992544282393e-01 6.905398359416713150e-02
1.525556756887722909e-01 4.648287914399900078e-01
-1.982731264808555438e-01 2.533661162592633076e-01
-1.457784123543097998e-01 2.753310458430385799e-01
-1.869462676335306162e-01 2.756326853208651562e-01
-3.519527500761775174e-02 3.704128570647408636e-01
1.837845084518485439e-01 5.086342437906100633e-01
-4.778832956521230080e-01 9.576648552814742699e-02
2.309535312824539388e-01 5.715304700458995191e-01
-1.170966906514230854e-01 3.255882185843858023e-01
1.407716989542524277e-01 4.986947045480778495e-01
-2.949393420950443545e-01 2.384679654656152170e-01
-2.530234090240105482e-01 2.604586415954484591e-01
3.042524150822781825e-01 -7.291707132961672277e-01
-4.725286028568286278e-01 1.062625933383249954e-01
-4.752526098523506271e-01 1.680249722411292224e-01
-2.422946875249458801e-02 4.073231185751448047e-01
-1.059393246122613402e-02 4.487057648901666695e-01
-2.485659707421099818e-01 2.756788314157466724e-01
7.642431289705738096e-02 4.905702505002393909e-01
-7.169205227003021264e-02 4.394261868487120415e-01
-3.963671633997917221e-01 2.216748000431915944e-01
-2.573275903310344725e-01 2.949857906861724222e-01
-1.972905864657092112e-01 3.353525337513892923e-01
1.840881240585979794e-01 5.746021257287332595e-01
2.693530625364112807e-01 6.579740825712370178e-01
-1.065645118474407710e-01 3.958431104285125013e-01
-5.532717081179427260e-02 4.108305659909068375e-01
-4.516507035384463298e-01 1.776633095478070412e-01
-4.466115664489098136e-01 1.520040884632196942e-01
1.711081155491532557e-01 6.142989923206314540e-01
-4.465810687014733493e-01 2.184089759643756956e-01
-2.084997240248149808e-01 3.502182750829461733e-01
8.028237878031489749e-02 -1.043968958931827951e+00
-1.187910026835093183e-02 5.187890281352381949e-01
2.796714577633493959e-02 5.245594530450357063e-01
8.532541228451173687e-02 5.636088855994629832e-01
2.546373067701138693e-01 7.500131123918375442e-01
1.331573103496000443e-01 6.022935670894292715e-01
-3.519370078046902273e-01 2.867841836473556949e-01
2.700154564228789966e-01 6.957900006452190089e-01
7.580627688721409962e-02 6.033344464382101036e-01
2.344270590149449274e-01 6.675969543834259223e-01
-4.126511333243572666e-01 2.585119476189000620e-01
-1.653639197031324948e-01 4.285153816090870871e-01
1.723298917909799888e-01 6.493437868913946032e-01
-1.194111140916418040e-01 4.746935918296756873e-01
8.258121674368076870e-02 -1.869500239443758760e-01
-4.534534296134840048e-01 2.532953706312227049e-01
-4.117420808438414515e-01 2.940843855473208035e-01
2.543044019175966231e-01 7.220974500136918550e-01
-3.025955033846740028e-01 3.521287419249332085e-01
-1.921525327312695319e-01 4.270139382427131647e-01
1.967646912628896738e-02 5.955031750895191101e-01
1.533759208755278158e-01 6.782441663016458566e-01
2.255136291591801623e-01 7.282033210166301007e-01
-9.197295800558975831e-02 5.195107661259861231e-01
-2.320783017291137840e-02 5.846891410464758465e-01
1.086149991546904031e-01 6.872783812915899126e-01
-1.265173381356076744e-02 8.983856385765948138e-01
-2.506246755954796845e-01 4.206673610469739977e-01
-4.149295043329677135e-01 3.340755307278924779e-01
-2.557241667296913934e-01 4.417747866082757935e-01
2.087096345379343687e-01 7.608957519067662822e-01
-4.127890829698925845e-01 3.669445561546403334e-01
-1.988745957303482415e-01 -8.879976022106683686e-01
-3.750245543094181677e-01 3.773699579632509016e-01
-3.174850179480455670e-01 4.125601358947039166e-01
1.102668486534892356e-01 7.366515020826750471e-01
1.846680214834131931e-02 6.604072137252084973e-01
-2.055097545674424431e-01 4.987565033798013747e-01
2.304015115347352594e-01 7.882266073501970061e-01
-8.813460441070808393e-02 5.907739229071763409e-01
1.379429250315239996e-01 -9.453473393944179515e-01
-4.409407470534190132e-01 3.553405301723256415e-01
-3.284471192049301935e-01 4.366056429206044975e-01
-2.196403427806073727e-01 5.299823445841599368e-01
-4.141966628447209531e-01 4.027465152056158293e-01
-1.998579222614615680e-01 7.575961472179227885e-01
-1.229636206589823644e-01 5.796775030606250434e-01
5.384939072536533422e-02 7.313375895536921023e-01
-3.708058017987844734e-01 4.475297652846810248e-01
3.972918811665788336e-02 7.034142280948650905e-01
1.485605445443101136e-01 7.403849582292530984e-01
4.481524552751323803e-02 9.619928852772611227e-01
-1.354122362613816299e-01 6.166454145026780687e-01
2.885366143520279748e-03 7.033399096500397851e-01
1.749056055789146857e-01 7.939316637161136780e-01
1.852220853225006181e-01 8.271372750912189264e-01
-2.891150466896695859e-01 5.233915963386740478e-01
-1.871317549423690552e-01 5.991726917685762377e-01
8.393517596401743608e-03 7.337825618617513923e-01
-3.762518473635251826e-01 4.763703973646110645e-01
-2.270910422040495757e-01 5.907381581163747564e-01
-1.408065951328569820e-01 6.847881762305921827e-01
-1.024510107958999661e-01 6.994519327945994958e-01
3.320259935929514850e-01 1.617641857989513543e-01
-4.531176258451266592e-02 -9.434630353444569684e-01
3.194835117764550231e-02 7.707099917689342883e-01
1.381614869697430081e-01 8.856776410944626754e-01
-4.010380779015923491e-01 4.822883658934145612e-01
-3.312987257872023750e-01 5.542177887899186750e-01
-4.022798622933639046e-02 7.640822144103273095e-01
1.745108931994739099e-01 -7.074582406456170203e-01
-3.019746983444228094e-01 5.587355560227873497e-01
-8.927959742632565754e-02 7.227310322765421180e-01
-1.836732815477577219e-01 6.721131542012414029e-01
-3.605201915067327567e-01 5.521961278071412238e-01
-3.376770597488804593e-01 5.882184659005116334e-01
-4.727629357107403880e-05 8.070239245751803514e-01
1.752510015110581021e-01 3.446679684425791451e-02
-1.255065462923434794e-01 7.243323260885945469e-01
2.950337292944105877e-02 8.408671614121083770e-01
-2.932348156867102817e-01 6.330870207335593802e-01
-1.470781219528918826e-01 7.375631520868076718e-01
-4.122366401409872233e-02 7.997302594803871179e-01
-2.786174215087232620e-01 2.675847100832946523e-01
-9.160455582935392305e-03 8.498954142199007800e-01
1.185280795179053381e-01 9.310812138926591874e-01
-2.916516699755898889e-01 6.684201341685696018e-01
-5.734157038622291619e-02 8.476467513996990277e-01
2.404382834057344417e-02 8.852694911260790001e-01
-2.450856425477690725e-01 7.121088133359261274e-01
2.405998817615690247e-02 9.016295226279341657e-01
-2.866955252496434792e-01 7.041112486929219649e-01
-1.162072044967561307e-01 8.431636214208744207e-01
-1.657017385038083157e-01 8.292997717682215608e-01
-2.153166981889449438e-01 7.869457835534720003e-01
-7.565482339095928876e-02 9.258382209898712301e-01
-2.372073503660705462e-01 8.050579854248962608e-01
-1.602348120994736003e-01 8.897252418253805972e-01
-1.989374204806177715e-01 8.553712280688949843e-01
-7.495449140003973554e-02 9.787494228776085770e-01
5.910258865620189594e-02 -9.261778437067421654e-01
-1.201847670174875093e-01 9.397738836702864695e-01
1.186995282153811490e-02 1.047024379984859088e+00
-4.651273150717033511e-02 1.019177915266576306e+00
-3.471230147137400746e-01 -7.485297540119071336e-01
4.089839098240098947e-01 -5.507669365762082325e-01
-3.688721789286117381e-01 -6.852294813352985958e-01
4.833374337618566718e-01 -1.473084492360563769e-01
5.000000000000000000e-01 -8.776499934499021327e-02
-3.963914555267110673e-01 -2.603056386224332219e-01
4.906245504509553212e-01 6.966001816559209969e-02
4.819526693812756779e-01 1.025190259894989547e-01
-4.430894284592731651e-03 3.390459093790412770e-01
2.025980690961526332e-01 1.829187594334066580e-01
2.799222658788704243e-01 4.790837329865624827e-01
2.699671591586523811e-01 6.225198050950011552e-01
-2.494742705891172529e-01 -8.774191326744271713e-01
-4.500696881211664335e-01 1.245471576260124835e-01
3.423233000109818236e-01 -7.129086618044220280e-01
3.360056371915216000e-01 -5.833026273264394490e-01
2.068655444716348268e-02 4.870244039174149164e-01
-4.518164936770650564e-01 -3.548567519990286079e-01
1.616694997588317695e-01 8.622790551807637538e-01
-5.109831398211100995e-02 -1.017338381312987705e+00
6.975860286317861481e-02 -1.027120929823918338e+00
3.020687969251937832e-01 -5.179879028189363632e-01
-1.551359809376824106e-01 -2.213260295236283148e-01
1.773929972727196769e-01 -9.071625556327066464e-01
7.398457132963599803e-02 -8.691414340151946138e-01
-1.365267249180552311e-01 -8.631351958399429147e-01
-9.706279381801323491e-02 -9.187482049628468150e-01
-5.175680767748446626e-02 -9.624555084565775687e-01
-1.793133540035723450e-01 -9.140204334907436889e-01
2.586057869308717727e-01 -7.383870836960257922e-01
1.974846278681310074e-01 -6.743962590416970881e-01
-2.205730488972799663e-01 -7.069934383783271770e-01
2.208619740763614891e-02 -6.908714948045542315e-01
-7.736003823353107545e-02 -7.305935308903922509e-01
9.090367353635642189e-02 -3.734681238692911798e-01
-2.646380216994254075e-01 -5.831210656831008476e-01
-1.048175429746911469e-01 -5.875677216016489401e-01
1.662121075202027676e-01 -2.246798739125581146e-01
-1.235449869244581861e-01 -2.891781413650642008e-01
-3.114504015419572447e-02 -4.717219140235852648e-01
1.726473691351017303e-02 -3.825551563133677835e-01
2.659176243647882187e-01 -2.122845297993549429e-01
2.343769451822561301e-01 -6.516237922412765338e-02
-4.288223525555321519e-02 3.558081640160019876e-02
-4.000246392679408791e-02 2.640437778810523772e-01
-1.036276002658450407e-01 6.469019682995333920e-01
-3.125321189186692217e-01 1.944710974705575190e-01
-1.884339050928921511e-01 -7.690389863242003132e-01
-1.400401068659071491e-01 -6.723477075542554360e-01
-8.567932102009361006e-02 9.384440527154450651e-01
1.329231629097804221e-02 -7.084758772666621685e-01
2.907640919444571398e-02 -5.595476054995590642e-02
-3.022056691421688528e-03 1.022590265267482090e+00
3.720929455273687680e-01 -2.235887053186548512e-01
1.814815396641988876e-01 8.594084514803651542e-01
