-4.834752715673775736e-01 -4.282357754213837416e-04
-3.251452118787677703e-01 5.753242173448737569e-04
-3.558934498621780240e-01 8.817049629037491129e-04
-5.000000000000000000e-01 3.415713919011361495e-04
-4.975375371333338181e-01 -2.316867758390404874e-02
2.813254701880412156e-01 -1.485264386512666068e-01
5.419243742907840777e-02 -1.028255336871771314e-01
-3.870043406219877968e-01 9.352858648729350799e-02
-2.994063975724922666e-01 1.233932968188257012e-01
-2.723751594719042157e-01 3.153419708212001210e-02
-3.539600242747958370e-01 1.193146109231806723e-01
-4.775413813258057028e-01 3.138013725687126970e-02
-2.946520292875878799e-01 1.513414266663204999e-01
-2.329858880503442031e-01 1.780704192612370118e-02
-2.653609864192900125e-01 -1.669519825418518469e-02
-4.187217068549501375e-01 -6.588895696558087767e-02
-4.972662409777144354e-01 2.377438375426754388e-02
-4.774553747279819960e-01 -3.113043865670104063e-02
-1.269413350651034389e-02 -1.789431614931749348e-01
-4.692113059713620138e-01 -4.997078665660802804e-02
1.998146750422724882e-01 1.027152162139424590e-01
-3.193144415869416664e-01 6.264604895572133125e-02
-4.240461746127062448e-02 1.558780442835240032e-01
-5.043032351554341264e-02 -1.657844180365036432e-02
-4.685793883412809335e-01 5.057102545186487746e-02
-2.345182643277854140e-01 -5.831742001808742221e-02
-3.858109823604489175e-01 -1.650434636388788817e-02
3.713989148122430750e-01 -1.476554412768036062e-01
-6.732408378138886318e-02 -1.374034055763345141e-01
-1.006052854747027381e-01 -9.118637502448756482e-02
-4.452939242594918245e-01 -5.896611153992219190e-02
1.908103149339949178e-01 -9.032339837487292356e-02
-4.514442524548170077e-01 -3.689235347948457283e-02
-4.508420799919852229e-01 3.730376199162511314e-02
-4.458386302961047098e-01 5.947146289207178027e-02
2.504779933089573141e-01 -1.682991723557150654e-02
-4.340141823392622555e-01 -7.829171029915596436e-02
-5.303424897005346028e-02 -2.187760760297723095e-01
-1.724475642195614222e-01 1.207984920903848458e-01
-2.968388993642086526e-01 8.971755733723653370e-02
-1.975909235923775098e-01 -2.007373648018829226e-01
-4.335672574645044186e-01 7.853187601717875888e-02
-3.851935203624282655e-01 1.777361541194514075e-02
2.320214928590306480e-01 7.074778366410944264e-02
-5.024050598446647142e-02 -5.318436415641895204e-02
-4.321206322119988119e-01 2.554647308350034909e-03
-8.022397837610253934e-02 2.314947100935864366e-01
-4.134585989571359921e-01 -8.538115276407583221e-02
-2.824972408516309152e-01 -1.676343449994263379e-01
3.136564685973415867e-01 7.180571855302582407e-02
-1.426842560501594692e-01 2.927491615777755990e-04
-2.944795319675057588e-01 3.119117753094514077e-04
-4.179262705163238056e-01 -1.815333311154307752e-02
-1.734425387193560819e-01 6.415681504515836128e-04
-4.163532990482581297e-01 6.059666455490964835e-04
-2.951024951630505377e-01 -6.077969131013112591e-02
6.977026268474230408e-02 2.352195971715875522e-01
-4.164617959421948457e-01 1.804882704534863797e-02
-2.910412115607939887e-01 3.702747968520042621e-02
-1.190673992155207722e-01 1.960260733548257472e-01
-4.192774226531684745e-01 6.594499101887174586e-02
9.966233896332035713e-02 2.347285913907615484e-01
-4.133665007292594007e-01 8.581885610810544018e-02
-3.787101693832113924e-01 1.116895853108886005e-01
5.000000000000000000e-01 4.388343704253334920e-02
1.030649357217957168e-01 6.185539267874969743e-02
-3.974933633629998408e-01 -6.992715843263599962e-02
-3.871356008362016321e-01 -9.332831819762130166e-02
-3.857217934051775932e-01 4.072516930114928853e-04
6.712545964216581895e-02 1.779286098071461777e-02
-1.421178051751382510e-01 2.103098120566818108e-01
-2.991604819715493746e-01 -3.409515261860999319e-02
-5.110541530004599625e-02 -2.334804924683506200e-01
-3.565080001115252251e-01 1.798531666840937418e-02
-1.751807521453218608e-01 1.889272521904847846e-01
-3.912270061716586755e-01 7.429785088789421510e-02
-3.793228816735549347e-01 -1.111166234082915649e-01
2.218813947137581177e-01 -8.802016711241494873e-02
-3.601245632427892973e-01 -9.823161642190333942e-02
-2.938352680475930234e-01 -8.736761005211357567e-02
-3.548781280725114562e-01 -1.197400088071497865e-01
-3.566436212289472163e-01 9.780330601968806326e-02
-2.363471811780310794e-01 -9.571047158690820789e-02
-3.567408714936358693e-01 -1.647964788396705932e-02
-3.414772109025649982e-01 1.382316303400912272e-01
3.420798101789554457e-01 6.551884538328701718e-04
9.991990882535195517e-02 -2.191465532285847007e-01
-3.431237762306200700e-01 -5.507513917357888256e-02
3.242291512301167522e-01 -5.606307837041194647e-02
2.823075979778342237e-01 -1.266489817479516389e-01
9.864970128656641579e-02 -1.683954001995624505e-02
-3.422181653001898360e-01 -1.374034055763345141e-01
4.872571280158485840e-01 8.268320534315698467e-02
-2.123672024912628270e-02 -1.662783876349201856e-02
-3.212957519487019131e-01 -1.432699311162916600e-01
3.143566268045072665e-03 1.541862068499866290e-01
-3.285258541535495680e-01 -1.242065254766264309e-01
-3.224240978207835728e-01 -6.136850914173055949e-02
-3.225243773633202360e-01 -2.220449554561551575e-02
-3.216496463889089719e-01 3.461056470770146332e-02
-3.237282422022081385e-01 8.435123650975659415e-02
-3.271551045582320461e-01 1.265119004166843364e-01
-3.207304877690706491e-01 1.437096976843286467e-01
-3.187097030482746174e-01 -9.049011105818807743e-02
-5.484363314639612019e-02 3.547051731950175146e-02
-2.938727249007098696e-01 -1.508286189194372184e-01
-2.999837646355760779e-01 -1.312865905491340246e-01
2.523236433539498003e-01 -1.149673064162555491e-01
-2.947559197190001701e-01 6.121868263696356866e-02
-2.817068894941644475e-01 1.683637758434998188e-01
-2.612121916659845278e-01 -1.727121508509040504e-01
-2.655594238378182759e-01 -1.565881167364578941e-01
-2.747913151163329792e-01 -1.117169864586747413e-01
-2.686809788509890162e-01 -9.063192798379912651e-02
-2.690707113111413529e-01 -6.157544008999647767e-02
-2.645180825222375742e-01 8.079530076429230047e-04
-1.333080227698710818e-01 7.443155694460844296e-02
-2.749353895825379368e-01 6.537111457365257783e-02
-2.689586740888759153e-01 8.250805987256452922e-02
-2.665594402479231628e-01 1.556804639581457761e-01
-1.434813096937813115e-01 1.934166252588425672e-01
-2.609046641586006965e-01 1.730315110375257870e-01
-2.529616586324639482e-01 1.238685143245951137e-01
1.641904857310148291e-01 -9.034606537809028448e-02
-2.337144053755774442e-01 -1.795296669504841403e-01
2.817901525965206821e-01 -1.832178631324420937e-01
-2.374842611959242789e-01 -1.602248010231782926e-01
-2.287409993039516420e-01 -3.281769235159390924e-02
-2.336495082244880450e-01 1.583253089197468044e-01
-2.337654934025129028e-01 4.404574271272719208e-04
-2.324061007247703037e-01 1.200356263276239482e-01
1.611172535180672716e-01 -2.155760547225702428e-01
-1.033344675059541667e-01 2.290726394888917550e-01
-2.328937119051861793e-01 1.794239400604521195e-01
3.711654106648434870e-01 1.479280706053043848e-01
-2.312504948559070128e-01 -1.144923156497781869e-01
-2.392255040303425118e-01 7.500352174277497008e-02
-2.299118795671758475e-01 9.205121672068511396e-02
-2.052516444719225952e-01 -1.847584613849294899e-01
8.345308800890433032e-03 -1.257598364708018557e-01
-1.111582723499651287e-01 1.566544510446714888e-01
-2.036067676302358576e-01 -1.223373328246303016e-01
-2.034758903030806365e-01 -8.810983472039617126e-02
-2.031847221766438227e-01 -6.946358696335273863e-02
-2.038207699873138268e-01 -3.664971520365782609e-02
-2.141037347908509789e-02 1.522817553094847343e-01
-2.034832752306321157e-01 4.776227588176582060e-04
2.718983113493833592e-01 -1.991046990512723713e-01
-2.027004490768881118e-01 9.334393654207429059e-02
3.771458482433254211e-01 1.279316305948910715e-01
3.055184694542175360e-03 1.302749200394434370e-01
-2.046440655736883885e-01 1.207055176569228477e-01
1.628816104898394568e-01 -6.387897654229927891e-02
-2.125337114947293826e-01 1.475589386396034541e-01
4.634413589290745095e-01 -9.078196798320957439e-02
-2.047768241900018993e-01 1.858958968211452678e-01
1.379458345123233398e-01 -1.214941778204365053e-01
-2.140330545110993299e-01 -1.655596726860769086e-01
1.296557930025580285e-01 -2.326364015611660507e-01
-1.964680767321114463e-01 2.012563396910008184e-01
-2.027952461471232148e-01 1.770304832645706525e-02
1.610109882328157049e-01 2.152196420779147468e-01
-1.903225137871057404e-01 7.525050654198323086e-02
-1.717398479419122992e-01 -2.051595688258019690e-01
1.912888479824605970e-01 5.596569956975468293e-04
-1.714764997605621177e-01 -1.854151028485156172e-01
-4.758026862043708560e-02 -1.250092592887923626e-01
-1.741964006860051151e-01 -1.224186383796489336e-01
-1.686242492166615259e-01 -9.274335419949651660e-02
-1.746009099517889518e-01 -5.945277451192691048e-02
-1.791785596468287445e-01 -3.112090678103312039e-02
-1.866177417989817455e-01 7.413907494554602962e-02
6.999064369272142705e-02 -2.210518645367628432e-01
-1.662078161189531056e-01 9.637893345607222162e-02
-1.429065778557684907e-01 -1.515124122311062305e-01
-1.716325778608111252e-01 2.054029790075254380e-01
-1.743702014617717622e-01 1.776116239685901141e-02
-1.635356054375305956e-01 -1.488272341371827123e-01
-1.601903682836971765e-01 1.402075087337573689e-01
1.317259055965374070e-01 -2.180429545786366496e-01
-1.145381338535689658e-01 1.211896791947207619e-01
-1.427210942317599929e-01 -2.105265877165342914e-01
2.851834142617247214e-01 1.227027205276857574e-01
-1.066429899683918603e-01 9.008570219877541640e-02
-1.458307869343791752e-01 -1.791208613123725368e-01
-1.414903717731237076e-01 -1.230330230757867016e-01
4.305468663614137603e-01 1.155795958984189020e-01
-1.429014323391184782e-01 -1.672045806319511982e-02
-1.419134931422854629e-01 1.778537659285981884e-02
-1.448343568546613114e-01 9.130451849052051427e-02
6.953279983216470450e-02 6.896431629046970938e-04
-1.358475464737302907e-01 1.247561396952882595e-01
-1.123889302449295330e-01 6.289891571895814921e-04
-1.433833538985490041e-01 1.496411232596146501e-01
-1.393676498273694331e-01 -1.008116576320943342e-01
-1.128236471264453256e-01 -2.139237870037688227e-01
-1.189629056466248586e-01 -1.755910553000742391e-01
-1.191178397731058602e-01 -1.496343711258592557e-01
4.446634637060111611e-02 1.748194474917710572e-01
-1.130584397713681327e-01 -1.287529135845521533e-01
-1.154319034515649545e-01 7.396739038999880500e-02
-1.129381437902710478e-01 2.150943079549253734e-01
4.014071144555836357e-01 -9.804666501412413748e-02
-1.124549425458085256e-01 1.779286098071461777e-02
-1.114520345732658568e-01 -1.671016702989477215e-02
1.015975843738909923e-01 -1.575446175891891676e-01
-1.051563436130551477e-01 -2.288458953537951257e-01
3.952058025476918868e-01 6.956259190139288395e-02
3.723959314165062318e-01 6.150391868367631465e-02
-8.102396788852139764e-02 -6.282090488115005256e-02
-9.874055024068040254e-02 -7.338494562155173373e-02
1.280321162827333936e-01 8.843347691596765980e-02
-8.022295188651915043e-02 -2.312645865937631440e-01
4.934912241149824186e-01 -6.315105782376920218e-02
-8.237039774915626278e-02 -2.174462393037493446e-01
-5.009395374138331247e-02 6.159577550004046581e-02
-8.266901033865059478e-02 -1.198786389847698308e-01
2.216481312922832791e-01 -1.687482356270028627e-02
-8.172910898227093990e-02 -9.078865685517423234e-02
-8.233083703983351542e-02 6.147201227200385816e-04
-8.241058384731322906e-02 8.970747392421160593e-02
3.149513889008829781e-01 -1.585301053239954738e-01
2.225038814416525901e-01 1.914342432850381637e-01
-8.071121492049768142e-02 1.229629745508341726e-01
-9.029367010775758706e-02 1.451181476827217431e-01
2.505687513595753479e-01 -9.542638907089577571e-02
-8.245389454579191146e-02 2.163584994057775324e-01
-8.245515253288479562e-02 1.780704192612370118e-02
-8.226666413348900087e-02 -1.675133116309615589e-02
-6.843551537782607830e-02 7.450955214435843466e-02
-5.557466404762417822e-02 -1.376151068327987337e-01
-5.398690462414245522e-02 -9.042104712694093438e-02
-5.148533381381269897e-02 4.616966092487896482e-04
-4.913043177884075796e-02 8.775813892797582061e-02
-5.225801102968456735e-02 2.199424347448264427e-01
4.972831672087090205e-01 -4.330219707798483447e-02
-5.106799336077200158e-02 2.338671383486742861e-01
-4.807802778232445756e-02 1.728032494495218285e-01
-4.078693924423400924e-02 1.244553670953634783e-01
9.426442572580040827e-03 2.210744484078640271e-01
-2.130083119700587613e-02 -2.350096962251508326e-01
7.624152551942355895e-03 1.731124081150701155e-01
-2.086796620007578401e-02 -2.203213721198353792e-01
4.936673097483002537e-01 6.387368101959557676e-02
4.578643932550697238e-01 -1.677602964301697780e-02
-1.731771579386294502e-02 -1.484371830192253716e-01
3.102234268734079259e-01 -1.762544120638425416e-01
9.010444452745677152e-03 -1.514274548686048716e-01
-2.559032798003525733e-02 -1.199008611567647931e-01
2.518975945753156309e-01 -6.530854268744142044e-02
9.393194618840462057e-03 -1.747931044103247233e-01
-1.638346894468382942e-02 -9.020461044763468383e-02
-2.753047407365695823e-02 -6.532742976032204774e-02
4.531963805500334730e-01 1.085934544350992265e-01
4.104607460282028164e-01 9.891746171317539194e-02
-2.147842964485630057e-02 5.076308980834614562e-04
-2.317322963720434489e-02 6.175733698523684645e-02
-2.425093778342332293e-02 8.818523838681419091e-02
-2.626142495487958362e-02 1.279788892566782188e-01
2.221297516507398651e-01 -1.231400334220570103e-01
2.962202370043377428e-02 -1.796835441667274658e-01
-1.956535222815490929e-02 1.803753656986661347e-01
-2.185642756350339097e-02 2.168513825607952528e-01
-2.102879351118816867e-02 2.351990112757651741e-01
2.498702610151477821e-01 -2.030519652058915270e-01
-1.803938975755744675e-02 3.631672092133462343e-02
8.951878922672724601e-03 -2.352411412512782629e-01
7.714388850795466171e-03 -2.207675112581939103e-01
8.502494891905472418e-03 6.161908539578806127e-04
8.030978457053335531e-03 1.760425440677375677e-02
-3.355020786447765642e-03 7.475653694356669543e-02
2.480554790130373999e-01 1.229853254376133131e-01
3.282742626146475657e-04 8.372315900177985937e-02
4.628796375307586697e-01 9.070884926890057653e-02
9.000146809146573196e-03 2.353500051455695297e-01
8.676667289269230851e-03 -1.673368939172413528e-02
3.942409977778955216e-02 -2.351687858218429461e-01
3.463995844234398630e-02 -1.482474911133371265e-01
4.862526654962718436e-02 -1.226644208019600918e-01
3.868939157108257365e-02 -1.679882823986696833e-02
2.532066505473322682e-01 1.867224921018090789e-01
3.947688895572650652e-02 3.623426423063511536e-04
3.926749884835027682e-02 1.777361541194514422e-02
2.187467098615842875e-01 -6.775369219960326872e-02
3.798035520904776557e-02 2.204627493884914746e-01
3.938466175746214298e-02 2.353475616928995262e-01
4.034152988947881102e-02 -2.203705393263755141e-01
1.568731178999257514e-01 2.304219564445665336e-01
3.445536644179800212e-02 1.537346761980869780e-01
4.192490672554596148e-02 1.217523588500600273e-01
2.501007801610754533e-01 6.068880274866218089e-02
5.178433563679779583e-02 1.045182052481628543e-01
6.987687358318013520e-02 -2.353500051455695297e-01
7.092620400198541841e-02 -1.476456247718206383e-01
1.541796544568744820e-01 9.054413832217152180e-02
6.613697940524682073e-02 -1.252089030804853231e-01
1.481701535278239223e-01 7.389209014633776884e-02
7.161263802218750807e-02 -9.140205493218775401e-02
7.337008066172021059e-02 9.646214223869319093e-02
6.784396087622621141e-02 1.295422560406731816e-01
4.681619362322928524e-01 -6.978700891866661260e-02
7.013118980465200825e-02 1.497136792277287687e-01
6.893923714765975985e-02 1.851105500337189569e-01
1.837536063851864798e-01 -3.118230014540773753e-02
6.955749177982421816e-02 2.207115540756941219e-01
6.901152538157441507e-02 -1.662783876349201856e-02
8.234870453882081609e-02 -7.479275897703883957e-02
3.063259197593022898e-01 9.101953602989563963e-02
8.383061333407040849e-02 7.599146093960802706e-02
3.721310981233922899e-01 -6.100562308351858976e-02
9.962255744222646425e-02 -2.344401509629843450e-01
9.954055975307470050e-02 -1.196033681397526832e-01
1.009360748563800231e-01 -8.631989239151612037e-02
1.908311643001619484e-01 1.223516304091780554e-01
9.923348353924052456e-02 -7.381604636198794978e-02
1.000880245290146492e-01 5.012834874813072109e-04
9.814877436986231551e-02 3.447714271775653011e-02
2.223320891977830505e-01 1.774104598787372075e-02
1.014774982630088640e-01 8.907091682811545119e-02
1.010038728537034775e-01 1.201485913702101671e-01
1.893373425818855038e-01 -6.289380789727809506e-02
1.025288154858963602e-01 1.575400302311375511e-01
9.816683212856378016e-02 1.770609709077549665e-01
3.135420756377084173e-01 1.595555179517354760e-01
1.011934502421918680e-01 2.189198139554532074e-01
1.588151983737001727e-01 1.997530847917312197e-02
1.255001279727718799e-01 -1.467056845484953909e-01
1.269459912745999342e-01 -9.275944454779133652e-02
2.817659690010760887e-01 1.838952722118025185e-01
1.312516947820576430e-01 -1.652198813525990531e-02
2.516339154331979078e-01 -1.478499478243287257e-01
1.309239649523385729e-01 4.141123818783891083e-04
1.354922337961565471e-01 3.620790943636874315e-02
1.296979023512172535e-01 6.149861410248413235e-02
1.640890128501850953e-01 1.224839643442200560e-01
1.189847830880470247e-01 1.165381321429651840e-01
1.308872909799470297e-01 1.475360740873141729e-01
1.313800490871577797e-01 2.186864424916346306e-01
1.292456962909270535e-01 2.328750005928004740e-01
1.405790030815697866e-01 -6.452836129229529150e-02
2.749968479212688277e-01 9.069131485110693003e-02
1.578294068707732922e-01 -2.301515669138040898e-01
3.951240796361898955e-01 1.411028286308873836e-01
2.545716710358001400e-01 9.089443052202382523e-02
1.607795891022872903e-01 7.794201314050365524e-04
1.629934582939652765e-01 1.487640260214505017e-01
1.568033949183310072e-01 -1.092471384665920642e-01
1.675584602656728095e-01 -3.057125333697689740e-02
3.362595881163749079e-01 -1.704468187129640211e-01
1.733214389138656719e-01 1.761849611517615488e-01
1.791667458284613712e-01 -2.277998420865601226e-01
4.380068153987261570e-01 -9.524378012616006861e-02
1.911442858930368915e-01 -2.129073923125173740e-01
1.901793621696300229e-01 1.767399129125609564e-02
3.130325069993419862e-01 -1.662783876349201856e-02
2.243356608023121257e-01 -1.907772393035446490e-01
1.893671042178835806e-01 1.499230029551475163e-01
2.998524999870466057e-01 -1.158146888091755311e-01
1.869413977687564010e-01 1.830754791006877769e-01
1.912955993526583853e-01 2.133226088316878821e-01
1.959446787401953882e-01 -1.940736419188105466e-01
1.995151063825876536e-01 -1.090559244284953350e-01
2.206917831744193981e-01 -2.079146938340246942e-01
2.217369092385433060e-01 2.570437077275098824e-04
2.237906500324031434e-01 9.127476128579667392e-02
2.270505329762309010e-01 1.205425164929979226e-01
2.133355491439300755e-01 1.464747480136671665e-01
2.206063045028963665e-01 2.078094935934161613e-01
2.312088331971194344e-01 -1.412754898477931453e-01
2.528754593921808680e-01 -1.868718610177587947e-01
3.730756484369954773e-01 5.133196652423797739e-04
2.516691927233205006e-01 7.190027081737616552e-04
4.040892498094917906e-01 1.240552069161474091e-01
2.495542060080224445e-01 2.033971261935345332e-01
3.443995764987918262e-01 -1.255481352143376639e-01
2.503743633232755617e-01 1.762705300362375077e-02
2.563671373524166186e-01 1.408426125031501108e-01
4.037321723719621280e-01 4.361209283424925787e-04
2.829653574957257667e-01 -8.801944493463945141e-02
2.775587919401750203e-01 -6.921048389662826095e-02
2.818833652638994547e-01 -1.675859542189639742e-02
2.816852844926843180e-01 4.141123818783895420e-04
4.362988527194556210e-01 9.729076023404294171e-02
2.814184527006838854e-01 1.745606352724879753e-02
2.833375027334709140e-01 6.340179329854947476e-02
2.800925343049341376e-01 1.495929311036715281e-01
2.710450911339365998e-01 1.997308453429497144e-01
4.327631381232263652e-01 -1.679882823986696833e-02
2.996285751936611508e-01 -9.615026884371047355e-02
3.121276654919629134e-01 3.933379595150777487e-04
3.129876006722132065e-01 1.752342301794196019e-02
3.030336062572011602e-01 1.173414966780243207e-01
3.099852919441761778e-01 1.763955932099612600e-01
3.430962567122008977e-01 -1.538335943728965094e-01
3.443826597317224403e-01 -6.128472047239497122e-02
3.438706011808015384e-01 6.232172744641978346e-02
3.431351617804572207e-01 1.541566203785943168e-01
3.351543346905906384e-01 1.709537786027649220e-01
3.498450032622885675e-01 8.361270617232025026e-02
3.437142345725121562e-01 3.386010691307467929e-02
3.470644124902496075e-01 -2.587026993386452867e-02
3.473904827446889221e-01 -8.990583851310864072e-02
3.502566445943022244e-01 1.349502608648957269e-01
3.741929375431111149e-01 -8.783814635822946582e-02
3.670325640722577609e-01 -3.273867907290913676e-02
3.744447159933886327e-01 3.432961594588630760e-02
3.654762713240288230e-01 8.797713927558686864e-02
3.765305165112569630e-01 -1.280994627278086995e-01
3.957154182419866939e-01 -1.407851974424169372e-01
4.043215992305640993e-01 -1.231259289601734502e-01
3.964697835789338098e-01 -6.034414822335526507e-02
4.033054511099634643e-01 -1.675133116309614895e-02
4.019470347143180855e-01 1.844400272408186839e-02
4.311164114462902597e-01 -1.152219681952100366e-01
4.335944653371937019e-01 6.410713865562567325e-04
4.332647072539261845e-01 1.770304832645706178e-02
4.538138425480540694e-01 -1.083579931894423087e-01
4.598533199022798446e-01 1.438271299146257867e-04
4.576009428025807901e-01 1.770304832645706525e-02
4.687227431548081080e-01 7.124261684573997278e-02
4.881150914620983050e-01 -8.221712204123936274e-02
